0.00400000000000000
0.0810000000000000
0.157000000000000
0.234000000000000
0.311000000000000
0.387000000000000
0.464000000000000
0.540000000000000
0.617000000000000
0.694000000000000
0.770000000000000
0.847000000000000
0.924000000000000
1
1.07700000000000
1.15400000000000
1.23100000000000
1.30700000000000
1.38400000000000
1.46100000000000
1.53700000000000
1.61300000000000
1.69100000000000
1.76700000000000
1.84400000000000
1.92100000000000
1.99700000000000
2.07400000000000
2.15000000000000
2.22700000000000
2.30400000000000
2.38100000000000
2.45700000000000
2.53400000000000
2.61100000000000
2.68700000000000
2.76400000000000
2.84100000000000
2.91700000000000
2.99400000000000
3.07100000000000
3.14800000000000
3.22400000000000
3.30100000000000
3.37700000000000
3.45400000000000
3.53100000000000
3.60800000000000
3.68400000000000
3.76100000000000
3.83800000000000
3.91400000000000
3.99100000000000
4.06800000000000
4.14400000000000
4.22100000000000
4.29800000000000
4.37400000000000
4.45100000000000
4.52800000000000
4.60400000000000
4.68100000000000
4.75700000000000
4.83400000000000
4.89100000000000
